26250154079859000167650010000310781825037842
26250154079859000167650010000310811825037848
26250154079859000167650010000310821825037845
26250154079859000167650010000310771825037845
26250154079859000167650010000310711825037841
26250154079859000167650010000310791825037840
26250154079859000167650010000310681825037846
26250154079859000167650010000310751825037840
26250154079859000167650010000310761825037848
26250154079859000167650010000310691825037843
26250154079859000167650010000310701825037844
26250154079859000167650010000310721825037849
26250154079859000167650010000310741825037843
26250154079859000167650010000310801825037840
26250154079859000167650010000310731825037846
