26250154079859000167550010000012471046403275
26250154079859000167550010000012481046403272
26250154079859000167550010000012491046403270
26250154079859000167550010000012501046403270
26250154079859000167550010000012511046403278
26250254079859000167550010000012521046403279
26250254079859000167550010000012531046403276
26250254079859000167550010000012541046403273
26250254079859000167550010000012551046403270
26250254079859000167550010000012561046403278
26250354079859000167550010000012571046403279
26250354079859000167550010000012581046403276
26250354079859000167550010000012591046403273
26250354079859000167550010000012601046403274
26250454079859000167550010000012611046403275
26250454079859000167550010000012621046403272
26250454079859000167550010000012631046403270
26250454079859000167550010000012641046403277
26250554079859000167550010000012651046403278
26250554079859000167550010000012661046403275
